Profit/Losses
1170593
1166643
1151518
1150461
1139715
1033096
1029471
999942
989499
988505
984655
947333
899906
893810
872480
867884
840723
834719
824098
817256
800701
795914
793163
789480
779976
779806
778237
768450
757143
712961
697845
689161
687533
682458
671099
668179
650000
617856
604885
584122
581943
578668
570757
569899
568529
565603
542494
522857
506702
485070
477532
475062
471435
448062
445709
423389
359333
332067
322013
321469
310503
309978
268997
252788
158620
144175
138230
132864
132003
102685
87795
67780
62729
60988
-69417
-80353
-174946
-216386
-335203
-524626
-687986
-755566
-1022534
-1100387
-1163797
-1196225

